"CD_MUN";"casos";"ideb_f1";"ideb_f2";"ideb_em";"d1";"d2";"d3";"d4";"d5";"d6"
"1";"3200102";59;6.63333333333333;5.33333333333333;4.9;0.8480119023;0.5885389014;0.390409094;0.7546031584;0.9649672135;0.8243950378
"2";"3200136";20;6.6;4.9;4.1;0.7840887894;0.596922216;0.36858795;0.683268047;0.9653360691;0.7417109681
"3";"3200169";29;6.1;4.15;4.2;0.7865079365;0.5771027132;0.3474160207;0.7146640827;0.9613264427;0.7900920543
"4";"3200201";38;6.23333333333333;5.5;4.8;0.8293667446;0.6404846832;0.3614841237;0.6234088684;0.9749382198;0.8997193663
"5";"3200300";8;6.36666666666667;5.66666666666667;0;0.8053824438;0.6436521253;0.4049217002;0.7293763982;0.9804561273;0.8948545861
"6";"3200359";16;5.6;4.7;0;0.7921093453;0.5656422864;0.3101823397;0.565713993;0.963258895;0.8222956361
"7";"3200409";47;6;4.8;4.7;0.7801502832;0.6398658029;0.402899892;0.7155348604;0.9758599414;0.8975734614
"8";"3200508";5;5.6;5.15;4.1;0.8192853137;0.6038839035;0.3643671714;0.5988969901;0.9697139652;0.9029024117
"9";"3200607";177;6.3;5.06666666666667;4.6;0.7830261961;0.6239572154;0.4357158188;0.7242016646;0.9780194446;0.9136259569
"10";"3200706";16;5.2;4.6;0;0.7681467181;0.5980810811;0.3864864865;0.6009459459;0.9770870871;0.8731756757
"11";"3200805";32;5.8;4.96666666666667;5;0.7845240457;0.5877107717;0.4050783575;0.7223765126;0.983402764;0.9369172783
"12";"3200904";79;6.13333333333333;5.1;4.6;0.8169394602;0.5792878809;0.3828300933;0.7554977251;0.9782388897;0.8567489315
"13";"3201001";30;6.1;5.3;4.6;0.796376847;0.5877180978;0.3546584559;0.6896881058;0.967461132;0.8909296955
"14";"3201100";6;5.6;4.9;0;0.7841360029;0.6408972538;0.4000157828;0.6248421717;0.9842171717;0.9765329072
"15";"3201159";31;6;5.25;4.7;0.755730721;0.5737284287;0.2991976991;0.766064941;0.952644061;0.7741257947
"16";"3201209";251;5.83333333333333;5.03333333333333;4.7;0.8066578676;0.6120774586;0.401990834;0.642746373;0.9741464032;0.9358744198
"17";"3201308";592;5.66666666666667;4.56666666666667;4.2;0.752524667;0.6161643847;0.3975062875;0.6092963161;0.9676070604;0.9077353718
"18";"3201407";35;6;5.7;4.7;0.8023989143;0.6164431405;0.4194840272;0.7244341995;0.9736891124;0.9153045543
"19";"3201506";128;6;5.03333333333333;5;0.8103168978;0.6180262225;0.4235884715;0.7684798016;0.975415387;0.9524450744
"20";"3201605";62;5.63333333333333;5;4.2;0.7847445002;0.5898095091;0.3988436322;0.6339308761;0.9707810645;0.8578480719
"21";"3201704";22;6;5.5;5;0.768609407;0.5835429448;0.3724948875;0.7696830266;0.9648943422;0.8768021472
"22";"3201803";6;5.75;5.9;4.1;0.7736982644;0.5995660881;0.3242100579;0.7839341344;0.9618750927;0.8329439252
"23";"3201902";32;6.83333333333333;5.86666666666667;5.5;0.7991640543;0.5893416928;0.4432079415;0.8237330199;0.9526645768;0.7757053292
"24";"3202009";3;5.9;5;4;0.7823051119;0.5891271057;0.3676620725;0.7707057172;0.9748596223;0.8717457887
"25";"3202108";37;5.96666666666667;4.5;4.2;0.8187944409;0.5620022624;0.3690422323;0.6945041478;0.980505279;0.8565186652
"26";"3202207";27;6;4.7;4.6;0.7667191877;0.5955316742;0.403280543;0.7140601433;0.9736519608;0.8762372738
"27";"3202256";27;6.83333333333333;5;5;0.7656424745;0.5920426452;0.3647507211;0.8204316028;0.9744540585;0.7985939431
"28";"3202306";67;5.8;5.46666666666667;5.5;0.8207841912;0.598309641;0.3812648077;0.7463322398;0.9588117368;0.9263486422
"29";"3202405";202;6.2;4.46666666666667;4.4;0.7788333349;0.6111634314;0.4098810515;0.7401685993;0.9674582328;0.9121300211
"30";"3202454";38;5.8;5.45;5.1;0.7740182384;0.5633260283;0.3726680153;0.8303129917;0.9564134262;0.876116824
"31";"3202504";23;6.26666666666667;4.7;4.8;0.7668983701;0.6231879195;0.411689038;0.6969099553;0.9721849366;0.9548657718
"32";"3202553";24;5.56666666666667;5.05;5;0.7643116177;0.567724388;0.2899667573;0.6666666667;0.9634330613;0.8160981414
"33";"3202603";5;6.4;5.76666666666667;0;0.8026586034;0.5966853035;0.4009584665;0.7948615548;0.9775026624;0.8372104633
"34";"3202652";21;5.4;5;0;0.7635899109;0.5652511416;0.3120243531;0.8432267884;0.9584728564;0.7700342466
"35";"3202702";19;6.36666666666667;5.1;4.8;0.7952091543;0.611944834;0.3662147421;0.756408758;0.9737156511;0.8754382889
"36";"3202801";90;5.3;5.06666666666667;4.2;0.8014210492;0.5796560211;0.3753434066;0.5163738172;0.9706260175;0.898838141
"37";"3202900";12;6.5;5.4;4.8;0.7953033827;0.6166238218;0.4004570123;0.828548986;0.9768161478;0.8270672665
"38";"3203007";76;6.03333333333333;5.36666666666667;5.3;0.8018244014;0.5689566705;0.386659065;0.7895191942;0.959280375;0.855886545
"39";"3203056";82;5.6;5.05;0;0.7680506594;0.558886604;0.3777255516;0.7282200679;0.9714714715;0.8592097532
"40";"3203106";18;6;5.3;0;0.7719803593;0.6163093415;0.4041177471;0.7307512336;0.9790709546;0.9122639102
"41";"3203130";8;6.5;5.3;5.2;0.7991439272;0.598247191;0.3994007491;0.7154868914;0.9816479401;0.9582865169
"42";"3203163";1;6.86666666666667;5.06666666666667;5.7;0.7871826449;0.5845159151;0.3111184792;0.7125331565;0.9665856174;0.7947612732
"43";"3203205";337;5.56666666666667;4.43333333333333;4.3;0.7889095457;0.604437051;0.4380029836;0.7372904644;0.9629182533;0.9264883406
"44";"3203304";23;6.7;5.23333333333333;4.4;0.803874092;0.5574307565;0.3198291305;0.6914703045;0.9719351431;0.8608670938
"45";"3203320";49;5.6;5.35;5;0.755552391;0.6083909933;0.3750635237;0.6243403307;0.965332343;0.8544476369
"46";"3203346";24;6;5.63333333333333;5.3;0.748767507;0.5690588235;0.4291176471;0.7791421569;0.9632026144;0.8621323529
"47";"3203353";14;6.3;5;0;0.778032971;0.5932207931;0.3971954269;0.7897909968;0.9797844468;0.8825361736
"48";"3203403";30;5.7;4.65;4;0.8498115043;0.5968077344;0.3833150918;0.6807962422;0.9687259313;0.8490400401
"49";"3203502";38;5.9;4.6;4.3;0.802320888;0.57790111;0.3917928019;0.654658594;0.9757932504;0.9256685166
"50";"3203601";12;6;5.1;0;0.8089413135;0.5878631498;0.4013761468;0.7366207951;0.9758749575;0.9134174312
"51";"3203700";25;6.4;5.56666666666667;5.2;0.8097566444;0.5852499095;0.3403356272;0.7591905107;0.9522314781;0.8213962332
"52";"3203809";16;5.3;4.76666666666667;4.1;0.8334987867;0.6147418928;0.3619016104;0.5649404368;0.9704573866;0.8919796492
"53";"3203908";85;5.7;4.76666666666667;4.9;0.8014740673;0.6207261146;0.3928450106;0.7657749469;0.9768931352;0.8610270701
"54";"3204005";24;5.83333333333333;4.5;4.9;0.8157306049;0.5794185599;0.3511102554;0.7690604544;0.9746502375;0.8193829419
"55";"3204054";60;5.7;4.9;4.7;0.7739086515;0.5654936558;0.390430875;0.705475152;0.9754163362;0.9157910389
"56";"3204104";53;5.83333333333333;4.53333333333333;4.6;0.7850018659;0.5779327951;0.3641652814;0.6868222117;0.9704477691;0.9237859178
"57";"3204203";38;5.7;4.4;0;0.7631931317;0.6113775992;0.3985113422;0.7041489445;0.9737318841;0.941133034
"58";"3204252";9;5.8;4.3;0;0.7715575944;0.584771701;0.3654457267;0.628428667;0.9787589898;0.8918715504
"59";"3204302";23;5.5;4.9;4;0.7712912088;0.5856763926;0.3877099912;0.6226514147;0.9765141468;0.8254310345
"60";"3204351";34;5.8;5.3;4.1;0.7607661436;0.5859493371;0.3548768939;0.7624881629;0.9491003788;0.7962831439
"61";"3204401";7;5.6;5;3.9;0.7869553595;0.5945669607;0.3930767175;0.7035551991;0.9643589058;0.873095429
"62";"3204500";14;6.4;0;4.5;0.8125765931;0.5951286765;0.3927696078;0.6263212316;0.9667585784;0.7787224265
"63";"3204559";63;6.36666666666667;5.46666666666667;4.85;0.7781506484;0.579978148;0.4501957571;0.8473550032;0.9664481471;0.7664913958
"64";"3204609";24;6.4;5.23333333333333;4.8;0.7980619233;0.5947945586;0.3704423468;0.804784379;0.9615028688;0.8288103831
"65";"3204658";17;5.8;4.65;0;0.7802119421;0.5874108417;0.3567522587;0.7912208749;0.9701616738;0.8015335235
"66";"3204708";57;6.03333333333333;4.93333333333333;4.5;0.8062938816;0.5706807924;0.4158726179;0.7723691909;0.9728491029;0.9105754764
"67";"3204807";21;5.6;4.66666666666667;0;0.8185177036;0.6108394301;0.392247465;0.6833365422;0.9707568562;0.93603196
"68";"3204906";237;5.7;4.93333333333333;4.75;0.8050019453;0.6272381301;0.4114061456;0.716338125;0.9735710738;0.8676198551
"69";"3204955";8;6.8;5.6;4.7;0.7650688182;0.5805315615;0.4218161683;0.817358804;0.9748246585;0.8697674419
"70";"3205002";772;5.7;4.76666666666667;4.15;0.7466025278;0.6200706162;0.4061900076;0.6177134885;0.9710629725;0.9549008046
"71";"3205010";74;5.73333333333333;5.1;4.6;0.7480360462;0.5841915382;0.4236908276;0.7881409205;0.9649976313;0.905624795
"72";"3205036";31;6;5.2;4.7;0.7651085507;0.5825428333;0.3818080513;0.7482413985;0.9726749315;0.8463487254
"73";"3205069";34;6.63333333333333;5.33333333333333;5.5;0.7828593181;0.6310715645;0.4248826291;0.8278930339;0.9700334137;0.8734059764
"74";"3205101";112;6;4.56666666666667;4;0.7418037495;0.6048769701;0.4027554412;0.5586167846;0.9708596905;0.9289512303
"75";"3205150";15;6;5.6;4.4;0.7794231514;0.5988240418;0.3637243515;0.7891744096;0.9755452316;0.7822299652
"76";"3205176";30;6.1;5.43333333333333;0;0.7506206862;0.5665015641;0.31969065;0.7460679527;0.96637122;0.7769160584
"77";"3205200";489;5.9;4.73333333333333;4.45;0.7695944221;0.6385008573;0.4089452246;0.6456004601;0.9711472374;0.9334751373
"78";"3205309";306;5.6;4.5;4.1;0.796435317;0.655589352;0.3867412585;0.5511883875;0.9725058564;0.961560172
